460-00-1527811-4.loss	2760924116549078474	545655.00	547260.00	3390596.00	3392201.00	5	1
460-00-1527812-2.loss	6307958954035282067	546170.00	547775.00	3390926.00	3392531.00	5	1
460-00-1527815-1.loss	14791585618954763424	545005.00	546610.00	3390131.00	3391736.00	5	1
460-00-1527817-2.loss	3702636623518745122	545130.00	546735.00	3391456.00	3393061.00	5	1
460-00-1527818-0.loss	10542677639205603939	546335.00	547940.00	3391826.00	3393431.00	5	1
460-00-1527820-1.loss	1339560619605448120	545395.00	547000.00	3391091.00	3392696.00	5	1
460-00-1527820-2.loss	8953271601075378437	545395.00	547000.00	3391091.00	3392696.00	5	1
460-00-1527823-0.loss	18367203015340522735	545345.00	546950.00	3390821.00	3392426.00	5	1
460-00-1527823-1.loss	4856434493898352507	545345.00	546950.00	3390821.00	3392426.00	5	1
460-00-1527826-0.loss	16440954685956553049	544905.00	546510.00	3391626.00	3393231.00	5	1
460-00-1527826-1.loss	11529525783142359249	544905.00	546510.00	3391626.00	3393231.00	5	1
460-00-1527828-2.loss	4165212209546588264	545680.00	547285.00	3391126.00	3392731.00	5	1
460-00-1527829-0.loss	16203148829520248104	545340.00	546945.00	3390616.00	3392221.00	5	1
460-00-1527834-2.loss	13279043160254172337	546720.00	548325.00	3390801.00	3392406.00	5	1
460-00-1527836-3.loss	6054496323145400649	545765.00	547370.00	3390731.00	3392336.00	5	1
460-00-1527837-1.loss	18150090852488571994	545170.00	546775.00	3390291.00	3391896.00	5	1
460-00-1527840-0.loss	9536931238828512613	546205.00	547810.00	3390256.00	3391861.00	5	1
460-00-1527845-0.loss	13592568182665778127	546065.00	547670.00	3392766.00	3394371.00	5	1
460-00-1527869-1.loss	14201963989954013174	545750.00	547355.00	3390641.00	3392246.00	5	1
460-00-1527877-2.loss	3437922402710194207	544600.00	546205.00	3390381.00	3391986.00	5	1
460-00-1527880-1.loss	5691803695659311585	546270.00	547875.00	3389631.00	3391236.00	5	1
460-00-1527884-0.loss	5076466762448259410	544105.00	545710.00	3390896.00	3392501.00	5	1
460-00-1527891-1.loss	5248903375064040848	544955.00	546560.00	3389111.00	3390716.00	5	1
460-00-1527891-2.loss	2814702261573035006	544955.00	546560.00	3389111.00	3390716.00	5	1
460-00-1527897-0.loss	7301033819719733757	546855.00	548460.00	3387161.00	3388766.00	5	1
460-00-1527899-2.loss	810356262242939161	545235.00	546840.00	3392346.00	3393951.00	5	1
460-00-1527905-2.loss	8578105187719644124	543825.00	545430.00	3389876.00	3391481.00	5	1
460-00-1527906-0.loss	10165892101643755184	546170.00	547775.00	3387101.00	3388706.00	5	1
460-00-1527914-0.loss	14188043899070718605	545135.00	546740.00	3390871.00	3392476.00	5	1
460-00-1527914-1.loss	10055330345247988420	545135.00	546740.00	3390871.00	3392476.00	5	1
460-00-1527916-2.loss	7489161695568219103	544380.00	545985.00	3391096.00	3392701.00	5	1
460-00-1527917-0.loss	12826765392883042113	546820.00	548425.00	3393071.00	3394676.00	5	1
460-00-1527919-1.loss	2462742289390688503	546035.00	547640.00	3389951.00	3391556.00	5	1
460-00-1527919-2.loss	218321489086151329	546035.00	547640.00	3389951.00	3391556.00	5	1
460-00-1527961-0.loss	15159010081746105852	548440.00	550045.00	3387941.00	3389546.00	5	1
460-00-1527963-1.loss	15035889634179460664	547820.00	549425.00	3386846.00	3388451.00	5	1
460-00-1527965-2.loss	15585114760257090238	547630.00	549235.00	3386121.00	3387726.00	5	1
460-00-1527966-0.loss	15600052062076837136	547560.00	549165.00	3387646.00	3389251.00	5	1
460-00-1527968-1.loss	16254546305054143482	547180.00	548785.00	3386686.00	3388291.00	5	1
460-00-1527968-2.loss	7799932832332564693	547180.00	548785.00	3386686.00	3388291.00	5	1
460-00-1527971-2.loss	14045459747083348267	545915.00	547520.00	3387671.00	3389276.00	5	1
460-00-1527976-3.loss	16372753726592043279	543915.00	545520.00	3389451.00	3391056.00	5	1
460-00-1527977-0.loss	10683475335977443671	543170.00	544775.00	3389636.00	3391241.00	5	1
460-00-1527979-1.loss	3104559305407476698	543480.00	545085.00	3389711.00	3391316.00	5	1
460-00-1527979-2.loss	7409694705659030171	543480.00	545085.00	3389711.00	3391316.00	5	1
460-00-1527982-1.loss	4402178070561794092	543000.00	544605.00	3390391.00	3391996.00	5	1
460-00-1527982-2.loss	9703889549091272533	543000.00	544605.00	3390391.00	3391996.00	5	1
460-00-1527985-0.loss	1610844865182600703	543655.00	545260.00	3391451.00	3393056.00	5	1
460-00-1527985-1.loss	5948633272617483486	543655.00	545260.00	3391451.00	3393056.00	5	1
460-00-1527988-0.loss	5937481033793594481	544250.00	545855.00	3392521.00	3394126.00	5	1
460-00-1527990-1.loss	17709169391656199496	544660.00	546265.00	3392731.00	3394336.00	5	1
460-00-1527990-2.loss	12815666504828795231	544660.00	546265.00	3392731.00	3394336.00	5	1
460-00-1527993-0.loss	13963224658281738596	545340.00	546945.00	3393331.00	3394936.00	5	1
460-00-1527993-1.loss	2150759628249389843	545340.00	546945.00	3393331.00	3394936.00	5	1
460-00-1527993-2.loss	13134704265322496957	545340.00	546945.00	3393331.00	3394936.00	5	1
460-00-1527994-5.loss	17848109751775598298	545775.00	547380.00	3393711.00	3395316.00	5	1
460-00-1528004-0.loss	16150133949282497323	545480.00	547085.00	3392636.00	3394241.00	5	1
460-00-1528006-2.loss	9797029061381007965	545980.00	547585.00	3391231.00	3392836.00	5	1
460-00-1528007-0.loss	13609726818188811909	544745.00	546350.00	3389886.00	3391491.00	5	1
460-00-1528009-1.loss	17705489701027251466	549110.00	550715.00	3387826.00	3389431.00	5	1
460-00-1528012-0.loss	4143893027994696327	545630.00	547235.00	3391251.00	3392856.00	5	1
460-00-1528099-0.loss	4233365935463465018	547075.00	548680.00	3392801.00	3394406.00	5	1
460-00-1528099-2.loss	13472278748852198834	547075.00	548680.00	3392801.00	3394406.00	5	1
460-00-1528100-0.loss	5953711482909575226	545105.00	546710.00	3391061.00	3392666.00	5	1
460-00-1528100-1.loss	9072885302221095448	545105.00	546710.00	3391061.00	3392666.00	5	1
460-00-1528102-2.loss	6975625727431040145	548065.00	549670.00	3388636.00	3390241.00	5	1
460-00-1528105-1.loss	7063192475437298812	549265.00	550870.00	3386986.00	3388591.00	5	1
460-00-1528105-2.loss	15854322697425613151	549265.00	550870.00	3386986.00	3388591.00	5	1
460-00-1528523-0.loss	1273451922727842024	543860.00	545465.00	3388976.00	3390581.00	5	1
460-00-1528524-5.loss	11213976828759550	543765.00	545370.00	3390876.00	3392481.00	5	1
460-00-1528528-1.loss	12116110576854431413	545590.00	547195.00	3390826.00	3392431.00	5	1
460-00-1528528-2.loss	15869908644929877901	545590.00	547195.00	3390826.00	3392431.00	5	1
460-00-1528530-3.loss	15132976905579374457	547560.00	549165.00	3387646.00	3389251.00	5	1
460-00-1528530-4.loss	17719181979645622699	547560.00	549165.00	3387646.00	3389251.00	5	1
460-00-1528531-1.loss	6780081634304784059	546370.00	547975.00	3388151.00	3389756.00	5	1
460-00-1528533-2.loss	3739441750178896944	544015.00	545620.00	3392366.00	3393971.00	5	1
460-00-1528533-3.loss	8130376702314291282	544660.00	546265.00	3392731.00	3394336.00	5	1
460-00-1528536-1.loss	11090366608801715990	545670.00	547275.00	3393171.00	3394776.00	5	1
460-00-1528536-2.loss	4919234925307959646	545670.00	547275.00	3393171.00	3394776.00	5	1
460-00-1528536-3.loss	5192181974855037764	545170.00	546775.00	3392741.00	3394346.00	5	1
460-00-1528537-6.loss	18390971135537428109	546170.00	547775.00	3391301.00	3392906.00	5	1
460-00-1528538-4.loss	6889135123192336499	546580.00	548185.00	3390566.00	3392171.00	5	1
460-00-1528541-3.loss	13154412118890923578	545530.00	547135.00	3391631.00	3393236.00	5	1
460-00-1528541-5.loss	14765594108058679136	545530.00	547135.00	3391631.00	3393236.00	5	1
460-00-1528544-2.loss	907829408153813255	545750.00	547355.00	3390641.00	3392246.00	5	1
460-00-1528544-3.loss	13402423886937774846	545780.00	547385.00	3390341.00	3391946.00	5	1
460-00-1528544-4.loss	17556558702939270288	545780.00	547385.00	3390341.00	3391946.00	5	1
460-00-1528545-0.loss	17901789389203733541	545370.00	546975.00	3389256.00	3390861.00	5	1
460-00-1528546-4.loss	17584071239387474410	545775.00	547380.00	3393711.00	3395316.00	5	1
460-00-1528546-5.loss	7478231362060532334	545775.00	547380.00	3393711.00	3395316.00	5	1
460-00-1528547-1.loss	11811970791040847196	545340.00	546945.00	3390616.00	3392221.00	5	1
460-00-1528547-2.loss	9403013776258625657	545340.00	546945.00	3390616.00	3392221.00	5	1
460-00-1528547-9.loss	4704033732072784687	544330.00	545935.00	3390551.00	3392156.00	5	1
460-00-1528549-3.loss	6763933601337830883	549640.00	551245.00	3387526.00	3389131.00	5	1
460-00-1528549-4.loss	14783235172850583647	549640.00	551245.00	3387526.00	3389131.00	5	1
460-00-1528555-2.loss	2746668605430045168	545640.00	547245.00	3392171.00	3393776.00	5	1
460-00-1528556-0.loss	2946070160084042832	544640.00	546245.00	3392076.00	3393681.00	5	1
460-00-1528557-4.loss	13816261272299181473	547820.00	549425.00	3386846.00	3388451.00	5	1
460-00-1528557-5.loss	11401203990663468160	547820.00	549425.00	3386846.00	3388451.00	5	1
460-00-1528561-1.loss	14194883151622277255	545035.00	546640.00	3392951.00	3394556.00	5	1
460-00-1528561-2.loss	40493920281046979	545035.00	546640.00	3392951.00	3394556.00	5	1
460-00-1528569-1.loss	17203090600548859882	544920.00	546525.00	3388716.00	3390321.00	5	1
460-00-1528571-3.loss	6877558939461761695	546835.00	548440.00	3392596.00	3394201.00	5	1
460-00-1528571-4.loss	6460660274055761585	546835.00	548440.00	3392596.00	3394201.00	5	1
460-00-1528572-1.loss	7874528809708598056	544895.00	546500.00	3390816.00	3392421.00	5	1
460-00-1528572-2.loss	2805310648531523642	544895.00	546500.00	3390816.00	3392421.00	5	1
460-00-1528577-1.loss	6386444878863097571	543375.00	544980.00	3391046.00	3392651.00	5	1
460-00-1528577-2.loss	17480850894836621032	543375.00	544980.00	3391046.00	3392651.00	5	1
460-00-1528582-3.loss	9725277621886415441	547895.00	549500.00	3388191.00	3389796.00	5	1
460-00-1528582-4.loss	14564491464820131675	547895.00	549500.00	3388191.00	3389796.00	5	1
460-00-1528588-1.loss	14542970272218916644	547250.00	548855.00	3386981.00	3388586.00	5	1
460-00-1528588-2.loss	3399927672470708308	547250.00	548855.00	3386981.00	3388586.00	5	1
460-00-1528593-3.loss	3620717671576077633	546695.00	548300.00	3393926.00	3395531.00	5	1
460-00-1528593-4.loss	15007913640717682511	546695.00	548300.00	3393926.00	3395531.00	5	1
460-00-1528594-0.loss	717364045140878828	546035.00	547640.00	3389951.00	3391556.00	5	1
460-00-1528594-1.loss	135942273799734222	546035.00	547640.00	3389951.00	3391556.00	5	1
460-00-1528594-7.loss	11821294030617664328	546270.00	547875.00	3389631.00	3391236.00	5	1
460-00-1528594-8.loss	15862854362687054847	546270.00	547875.00	3389631.00	3391236.00	5	1
460-00-1528596-2.loss	8754064547994281741	546855.00	548460.00	3387161.00	3388766.00	5	1
460-00-1528596-3.loss	3793768192315040340	546240.00	547845.00	3387661.00	3389266.00	5	1
460-00-1528602-3.loss	3239706154270114124	545970.00	547575.00	3389356.00	3390961.00	5	1
460-00-1528604-4.loss	18053791432504404201	545660.00	547265.00	3392691.00	3394296.00	5	1
460-00-1528607-3.loss	12842534650727139283	544905.00	546510.00	3391626.00	3393231.00	5	1
460-00-1528610-4.loss	15816143765125176974	542870.00	544475.00	3389971.00	3391576.00	5	1
460-00-1528612-5.loss	6005112604234732989	544285.00	545890.00	3392116.00	3393721.00	5	1
460-00-1528635-1.loss	1072271200241902579	543290.00	544895.00	3390021.00	3391626.00	5	1
460-00-1528635-3.loss	13590694655727146389	542530.00	544135.00	3389506.00	3391111.00	5	1
460-00-1528642-6.loss	3650539929418323997	543170.00	544775.00	3389636.00	3391241.00	5	1
460-00-1529098-1.loss	177862614150512617	546530.00	548135.00	3392226.00	3393831.00	5	1
460-00-1529098-2.loss	17081743516839041559	546530.00	548135.00	3392226.00	3393831.00	5	1
460-00-1529184-0.loss	17862786222424252064	542695.00	544300.00	3388696.00	3390301.00	5	1
460-00-1529288-1.loss	652011313441896618	543430.00	545035.00	3389441.00	3391046.00	5	1
460-00-1529316-0.loss	9821353800096937411	544105.00	545710.00	3392836.00	3394441.00	5	1
460-00-1529316-1.loss	17323541677231391572	544105.00	545710.00	3392836.00	3394441.00	5	1
460-00-1529327-0.loss	1142456799294171924	544695.00	546300.00	3390696.00	3392301.00	5	1
460-00-1529327-1.loss	11817350437142295688	544695.00	546300.00	3390696.00	3392301.00	5	1
460-00-1529341-0.loss	8563249068203887250	547845.00	549450.00	3387576.00	3389181.00	5	1
460-00-1529341-1.loss	17596555643439947864	547845.00	549450.00	3387576.00	3389181.00	5	1
